127486
127609
127665
127603
127388
127038
126610
126197
125875
125662
125508
125304
124943
124385
123691
123003
122491
122262
122294
122444
122509
122346
121957
121514
121269
121406
121889
122424
122559
121918
120486
118772
117763
118621
122218
128678
137128
145811
152553
155438
153470
146936
137350
126982
118142
112487
110594
111932
115211
118926
121888
123539
123970
123694
123315
123234
123528
124007
124380
124440
124169
123721
123324
123150
123242
123501
123768
123902
123858
123689
123515
123441
123518
123718
123966
124183
124332
124429
124527
124682
124920
125231
125570
125892
126172
126409
126632
126864
127114
127370
127596
127759
127837
127831
127762
127657
127538
127412
127274
127111
126909
126668
126399
126113
125829
125558
125305
125071
124855
124661
124496
124369
124288
124258
124278
124338
124429
124534
124633
124711
124756
124759
124722
124657
124580
124513
124474
124470
124502
124556
124616
124662
124690
124693
124681
124665
124654
124651
124657
124662
124660
124645
124617
124579
124536
124494
124453
124413
124369
124324
124279
124243
124235
124282
124408
124629
124948
125339
125765
126177
126535
126820
127036
127210
127368
127519
127637
127675
127580
127329
126950
126513
126114
125820
125632
125481
125252
124848
124247
123530
122859
122395
122227
122301
122453
122482
122266
121852
121433
121266
121493
122023
122514
122503
121676
120120
118466
117770
119176
123427
130435
139110
147551
153580
155436
152388
145011
135043
124824
116575
111736
110629
112518
116016
119649
122350
123711
123942
123603
123270
123275
123626
124099
124408
124389
124067
123623
123276
123173
123316
123584
123819
123897
123806
123622
123470
123441
123566
123793
124040
124233
124353
124431
124533
124711
124984
125324
125679
125997
126259
